================LEX TABLE==============

Num      Line   Lexema            ID in IT

  0       0       t                                       l
  1       0       f                                        
  2       0       i                   1                    
  3       0       (                                        
  4       0       t                                       l
  5       0       i                   2                    
  6       0       ,                                        
  7       0       t                                       l
  8       0       i                   3                    
  9       0       )                                        
 10       1       {                                        
 11       2       n                                        
 12       2       t                                       l
 13       2       i                   4                    
 14       2       ;                                        
 15       3       n                                        
 16       3       t                                       t
 17       3       i                   5                    
 18       3       ;                                        
 19       4       i                   5                    
 20       4       =                                        
 21       4       l                   6                    
 22       4       ;                                        
 23       5       i                   4                    
 24       5       =                                        
 25       5       i                   2                    
 26       5       v                                        
 27       5       i                   3                    
 28       5       ;                                        
 29       6       o                                        
 30       6       (                                        
 31       6       i                   5                    
 32       6       )                                        
 33       6       ;                                        
 34       7       r                                        
 35       7       i                   4                    
 36       7       ;                                        
 37       8       }                                        
 38       8       ;                                        
 39      10       s                   7                    
 40      11       {                                        
 41      12       n                                        
 42      12       t                                       l
 43      12       i                   8                    
 44      12       ;                                        
 45      13       i                   8                    
 46      13       =                                        
 47      13       i                   1                    
 48      13       (                                        
 49      13       l                   9                    
 50      13       ,                                        
 51      13       l                  10                    
 52      13       )                                        
 53      13       ;                                        
 54      14       i                   8                    
 55      14       =                                        
 56      14       i                   1                    
 57      14       (                                        
 58      14       i                   8                    
 59      14       ,                                        
 60      14       l                  11                    
 61      14       )                                        
 62      14       ;                                        
 63      15       o                                        
 64      15       (                                        
 65      15       i                   8                    
 66      15       )                                        
 67      15       ;                                        
 68      16       r                                        
 69      16       l                  12                    
 70      16       ;                                        
 71      17       }                                        
